300750 600875 600026 000408 601872 002028 600176 603259 601899 605117
600489 600160 688599 688981 000975 002001 600547 600111 688008 601012
601688 600276 000301 300759 300347 603806 688187 002236 600460 002594
600570 002049 000963 002601 000596 002459 002129 000776 688223 600009
601377 002142 601021 600010 600426 002736 601601 600196 601888 600584
601865 601318 600588 601059 600309 300979 600585 601898 300124 601111
600809 600406 600958 300896 601699 000977 600031 600115 601995 600741
600029 000800 000568 601319 603195 000661 300832 601901 002050 688126
688047 601117 601618 002714 002415 601881 600085 601799 000166 601225
000983 000100 000858 601877 600036 600061 002230 600030 688396 002463
601390 601633 300413 600690 300498 301236 601136 000895 002352 601825
601878 600233 601868 000625 600150 600019 601238 601788 688082 601628
603288 000157 600519 600887 601236 002241 600188 300122 000002 001979
603369 001391 601211 600660 601229 600999 600482 600918 600600 000938
600845 300015 601398 601689 601800 600760 601985 600332 300782 601066
688009 601669 000001 600372 000333 600048 002304 002371 002648 000876
000768 601088 300760 000725 601916 601818 601607 601328 601186 601006
600905 002916 600893 601166 000538 600161 600926 002027 601336 600346
600000 002493 601668 000708 601857 300408 603392 600436 600016 002938
000786 601009 601988 601169 601288 000651 601816 001289 002920 600015
002252 000999 601838 601939 002180 600028 600018 600050 600795 600989
000425 600900 603833 300999 601058 600027 002179 600023 600066 600803
002311 601728 601766 600919 600011 601998 300502 601658 300628 601077
600941 601808 600377 688036 688271 600025 600674 600938 003816 300308
300433 605499 001965 600039 600886
