002979
600580
002747
002520
603211
002765
002896
001306
430510
002741
600110
002636
605006
605589
002472
603286
002067
002129
605358
003026
002137
600584
002185
000021
002497
002240
002192
002460
002466
002585
603659
832522
603800
600206
600246
603722
603065
605399
603823
603681
600988
000975
600547
603260
000506
000908
002396
000938
603118
002536
603158
603757
002837
001309
600391
000547
002270
002090
603530
002028
603327
002635
001230
000711
002973
002292
002343
600977
601595
002905
002445
000063
600198
600131
002544
600050
000016
600498
002268