# 由 fetch_vp_six_combo 自动生成 · combo_id=3 上涨缩量整理
# 供 fetch_pattern_entry 作为默认观察池；可手工增删。

000009
000025
000069
000501
000572
000603
000630
000656
000710
000737
000878
000955
001219
001318
001360
002091
002132
002162
002173
002187
002219
002266
002269
002293
002327
002329
002345
002348
002552
002563
002570
002574
002584
002599
002612
002640
002672
002705
002715
002716
002719
002721
002727
002762
002763
002780
002862
002867
002872
002950
002955
002959
003041
600128
600189
600208
600222
600362
600429
600459
600531
600551
600655
600661
600684
600711
600774
600818
600824
600857
600961
600987
600993
601020
601061
601168
601212
601969
603077
603132
603139
603193
603214
603238
603367
603398
603406
603439
603511
603518
603610
603615
603630
603839
603900
603979
605009
605199
605388
605599
002155
000028
000411
000503
000705
000950
