# 由 fetch_vp_six_combo 自动生成 · combo_id=6 下跌放量
# 供 fetch_pattern_entry 作为默认观察池；可手工增删。

000999
002127
002511
002731
003006
600170
600398
600566
600597
600612
600882
600887
603257
603301
603557
603993
000100
002329
002364
605090
000628
002169
002360
002497
002534
002617
002929
002973
600667
601991
603375
603685
603977
605580
000056
000060
000417
000688
000890
002132
002149
002266
002294
002380
002434
002443
002452
002457
002468
002487
002552
002586
002647
002653
002715
003037
600135
600234
600343
600392
600400
600459
600531
600596
600857
600869
600961
600999
601108
603045
603052
603316
603588
603616
603636
603757
603776
603856
603969
605069
000430
000929
001211
001215
001313
002124
002306
002494
002515
002650
002695
002696
002910
002967
600113
600186
600238
600543
600749
600783
600841
600883
603020
603031
603231
603739
603755
603777
603779
605589
000681
002131
002354
600272
600826
603389
603391
603466
603660
