# 由 fetch_dc_concept_ma5 → 股票代码清洗 自动生成
# 供 fetch_vp_six_combo 作为自定义股票列表
002647
002368
002649
002065
002268
002212
002987
002439
002183
002152
002315
600571
600839
600850
003029
603927
003040
002153
002537
000796
002098
000997
000617
000555
600415
603123
600016
000001
000948
601166
002889
002948
600015
600036
601398
600000
601939
601988
601328
601288
000428
002131
600588
000890
601678
600143
600392
600400
002700
002403
002653
002029
000056
600570
002558
000712
600718
002542
000539
600135
603999
000415
002717
601908
600219
002608
600120
601999
000850
002416
600816
002492
002294
600287
002304
000798
000030
601555
002468
000581
600739
600390
600195
603858
600704
002275
000563
600167
002423
002091
601007
600742
600801
002271
600248
600020
600033
601169
600269
000883
601766
002162
601857
600177
600663
000533
605069
603316
600869
002686
000779
002149
603757
600343
002443
002132
600629
002457
002410
003013
000601
601789
601179
600736
603616
000722
002051
002431
002639
002151
002114
603969
603956
003037
603843
002383
002586
002583
002205
002452
001255
001379
603856
002398
600268
603357
002266
000065
601868
603191
000600
603109
002893
601669
603018
600491
002671
000778
002060
601611
002108
000401
600502
601390
000885
002941
002061
002226
002487
600025
601800
002884
600282
600710
600900
